797, 887, 887, 878, 890, 902, 799, 911
1195, 1550, 1298, 1547, 1299, 1570, 1196, 1573
350, 164, 448, 159, 449, 181, 351, 187
107, 1286, 190, 1284, 191, 1306, 108, 1308
97, 506, 196, 510, 195, 532, 96, 529
1084, 725, 1175, 720, 1177, 745, 1085, 751
1001, 753, 1109, 743, 1112, 770, 1003, 780
698, 141, 819, 124, 823, 158, 702, 175
915, 689, 999, 687, 1000, 710, 915, 713
1261, 801, 1369, 797, 1370, 823, 1262, 826
1234, 1396, 1341, 1393, 1342, 1414, 1234, 1418
803, 1460, 904, 1465, 903, 1488, 802, 1483
1247, 827, 1355, 822, 1356, 847, 1248, 852
914, 613, 1016, 610, 1017, 632, 915, 635
62, 385, 150, 381, 152, 405, 63, 410
1279, 1424, 1376, 1420, 1377, 1446, 1280, 1450
997, 663, 1090, 661, 1091, 683, 997, 686
1261, 1475, 1351, 1469, 1353, 1493, 1263, 1499
783, 1035, 880, 1031, 881, 1054, 784, 1057
1177, 2032, 1278, 2028, 1279, 2052, 1178, 2056
97, 1434, 179, 1428, 180, 1449, 98, 1455
232, 1164, 319, 1160, 320, 1182, 233, 1186
969, 2031, 1082, 2025, 1083, 2047, 970, 2053
791, 1085, 865, 1079, 866, 1100, 793, 1106
1130, 638, 1230, 635, 1230, 659, 1131, 662
797, 2055, 862, 2057, 861, 2078, 797, 2076
72, 335, 146, 332, 147, 354, 72, 356
883, 1391, 979, 1386, 980, 1409, 885, 1415
62, 310, 151, 308, 152, 330, 63, 332
807, 861, 879, 854, 881, 877, 810, 884
163, 335, 241, 332, 241, 354, 163, 356
1062, 612, 1180, 610, 1181, 633, 1062, 636
69, 411, 145, 406, 146, 428, 71, 434
1108, 772, 1207, 776, 1206, 799, 1107, 796
141, 461, 224, 455, 226, 479, 142, 484
437, 110, 540, 107, 541, 134, 438, 137
944, 159, 1029, 155, 1031, 178, 945, 181
165, 385, 245, 382, 246, 405, 166, 408
1211, 776, 1308, 772, 1310, 796, 1212, 801
855, 955, 935, 956, 935, 981, 855, 980
320, 87, 402, 82, 404, 105, 322, 110
1143, 1499, 1224, 1496, 1225, 1518, 1144, 1521
95, 1262, 186, 1258, 187, 1279, 96, 1284
58, 235, 130, 230, 132, 255, 59, 260
771, 936, 848, 929, 850, 952, 774, 959
304, 1214, 393, 1209, 394, 1235, 306, 1239
89, 1458, 176, 1453, 177, 1474, 90, 1479
883, 1490, 960, 1487, 961, 1511, 885, 1514
1271, 1451, 1354, 1448, 1355, 1469, 1272, 1472
832, 1111, 912, 1110, 913, 1130, 832, 1131
876, 1080, 951, 1084, 949, 1108, 875, 1104
1230, 750, 1323, 748, 1324, 770, 1230, 773
797, 911, 889, 902, 891, 926, 799, 935
1037, 156, 1116, 157, 1115, 181, 1036, 180
1077, 110, 1164, 106, 1165, 132, 1078, 136
1141, 750, 1231, 745, 1232, 772, 1142, 777
914, 640, 997, 636, 998, 658, 915, 662
236, 1259, 321, 1264, 320, 1286, 235, 1282
1046, 827, 1133, 824, 1133, 847, 1047, 851
1030, 801, 1112, 799, 1113, 820, 1031, 823
121, 484, 186, 485, 186, 506, 121, 505
1195, 1524, 1292, 1517, 1294, 1544, 1197, 1551
779, 1058, 869, 1055, 869, 1077, 780, 1079
94, 1409, 205, 1403, 206, 1428, 95, 1433
795, 980, 893, 982, 892, 1010, 795, 1008
1136, 1427, 1205, 1422, 1206, 1442, 1137, 1447
1152, 1449, 1226, 1445, 1228, 1469, 1153, 1473
178, 1236, 280, 1231, 281, 1255, 179, 1260
167, 360, 232, 358, 233, 383, 168, 385
929, 133, 1011, 134, 1011, 155, 928, 154
179, 236, 264, 234, 265, 255, 180, 258
91, 1188, 161, 1185, 162, 1206, 92, 1209
1207, 719, 1291, 722, 1290, 747, 1206, 744
68, 363, 143, 357, 145, 379, 70, 385
982, 825, 1053, 829, 1052, 850, 981, 846
972, 1416, 1047, 1418, 1046, 1437, 971, 1434
1325, 612, 1423, 614, 1422, 637, 1325, 635
152, 410, 229, 411, 228, 432, 152, 431
1281, 664, 1360, 661, 1361, 684, 1281, 687
1079, 852, 1172, 849, 1172, 872, 1080, 875
319, 136, 404, 132, 405, 157, 320, 161
996, 851, 1072, 853, 1071, 874, 995, 872
1037, 640, 1135, 636, 1136, 658, 1038, 662
159, 1457, 249, 1464, 248, 1484, 157, 1477
909, 664, 987, 661, 988, 685, 910, 688
338, 112, 433, 107, 435, 133, 339, 138
798, 1417, 878, 1410, 879, 1432, 799, 1438
790, 2032, 866, 2028, 867, 2048, 791, 2051
1143, 1475, 1214, 1469, 1216, 1493, 1144, 1499
142, 431, 216, 433, 215, 459, 141, 457
62, 435, 122, 432, 123, 455, 64, 458
1114, 665, 1192, 662, 1194, 685, 1115, 689
916, 114, 997, 112, 998, 132, 917, 135
969, 641, 1061, 632, 1064, 656, 971, 665
840, 933, 919, 932, 919, 957, 840, 958
118, 1236, 180, 1237, 179, 1257, 117, 1256
1234, 852, 1319, 850, 1320, 873, 1235, 875
159, 208, 247, 208, 246, 231, 159, 230
1030, 132, 1117, 133, 1116, 155, 1029, 153
248, 1437, 327, 1431, 329, 1452, 250, 1458
69, 203, 152, 205, 151, 232, 68, 230
463, 138, 544, 140, 544, 162, 463, 160
978, 1444, 1054, 1439, 1055, 1461, 980, 1466
159, 311, 237, 309, 238, 332, 160, 334
1225, 638, 1321, 636, 1322, 660, 1225, 662
265, 1411, 326, 1410, 326, 1431, 265, 1432
319, 1162, 388, 1166, 387, 1187, 318, 1183
198, 1412, 275, 1407, 276, 1428, 200, 1433
95, 1213, 157, 1208, 159, 1230, 96, 1235
875, 1009, 938, 1006, 939, 1029, 876, 1032
1028, 778, 1096, 773, 1098, 794, 1030, 799
1160, 615, 1235, 612, 1235, 632, 1161, 634
98, 1159, 166, 1162, 165, 1183, 97, 1180
151, 1188, 228, 1186, 229, 1208, 151, 1210
330, 1239, 394, 1236, 395, 1258, 330, 1260
388, 83, 500, 78, 501, 107, 390, 112
57, 262, 122, 255, 124, 275, 59, 283
237, 1184, 319, 1186, 319, 1211, 237, 1209
1310, 1525, 1377, 1526, 1377, 1550, 1310, 1549
1099, 2032, 1178, 2028, 1179, 2051, 1101, 2055
894, 1467, 973, 1464, 973, 1485, 895, 1488
646, 166, 739, 130, 746, 148, 653, 184
1274, 1498, 1356, 1495, 1357, 1520, 1275, 1524
776, 959, 831, 955, 832, 976, 778, 980
96, 287, 174, 283, 176, 303, 97, 308
189, 263, 256, 257, 257, 279, 190, 285
803, 1444, 900, 1435, 902, 1457, 805, 1465
143, 1212, 233, 1207, 235, 1234, 145, 1240
892, 1438, 986, 1440, 986, 1463, 892, 1461
1222, 612, 1316, 609, 1317, 635, 1223, 638
177, 1262, 255, 1260, 256, 1283, 178, 1285
179, 1434, 258, 1432, 259, 1453, 180, 1455
1008, 611, 1086, 615, 1085, 636, 1007, 632
1219, 1502, 1300, 1498, 1300, 1518, 1220, 1521
159, 1164, 239, 1162, 240, 1181, 159, 1183
981, 801, 1044, 795, 1046, 818, 983, 824
824, 1488, 879, 1494, 877, 1515, 822, 1509
1173, 826, 1236, 825, 1236, 847, 1174, 848
310, 1262, 372, 1263, 372, 1284, 310, 1283
1352, 663, 1415, 665, 1414, 689, 1351, 687
961, 1465, 1025, 1462, 1026, 1487, 962, 1490
171, 285, 239, 286, 239, 307, 170, 306
319, 1184, 389, 1187, 388, 1210, 318, 1207
1029, 85, 1099, 84, 1100, 107, 1030, 109
893, 1414, 971, 1411, 971, 1434, 894, 1437
118, 256, 210, 259, 209, 283, 117, 280
1170, 1396, 1235, 1392, 1236, 1414, 1171, 1418
1277, 777, 1351, 771, 1353, 796, 1279, 802
212, 1215, 301, 1209, 303, 1233, 214, 1238
1187, 1423, 1261, 1419, 1262, 1446, 1188, 1449
1168, 851, 1243, 849, 1244, 875, 1169, 877
1185, 664, 1246, 660, 1248, 683, 1186, 687
60, 458, 126, 455, 127, 480, 61, 482
1020, 111, 1102, 108, 1102, 131, 1021, 134
372, 139, 459, 137, 460, 161, 373, 163
278, 1236, 352, 1237, 352, 1261, 278, 1261
124, 236, 201, 234, 202, 255, 124, 257
985, 777, 1050, 771, 1052, 795, 987, 800
1179, 800, 1265, 801, 1265, 824, 1178, 823
766, 907, 825, 901, 828, 929, 770, 936
1329, 1451, 1381, 1448, 1382, 1470, 1330, 1474
1253, 664, 1304, 666, 1304, 686, 1252, 684
57, 283, 108, 284, 108, 308, 57, 306
