1184, 742, 1264, 729, 1267, 748, 1187, 761
1288, 728, 1371, 713, 1374, 730, 1291, 745
72, 1044, 167, 1039, 168, 1061, 74, 1067
1115, 209, 1201, 203, 1202, 222, 1116, 228
1253, 1104, 1365, 1099, 1366, 1122, 1254, 1127
76, 1208, 157, 1203, 158, 1224, 77, 1229
488, 906, 596, 903, 596, 926, 489, 929
1013, 106, 1133, 103, 1133, 125, 1014, 128
451, 882, 578, 876, 579, 905, 452, 910
72, 1111, 150, 1106, 152, 1127, 73, 1132
597, 1627, 687, 1624, 687, 1644, 597, 1647
878, 938, 979, 935, 979, 956, 879, 959
454, 860, 552, 855, 553, 878, 455, 883
147, 1400, 231, 1395, 232, 1416, 149, 1421
77, 1013, 147, 1011, 147, 1032, 77, 1034
82, 1399, 168, 1394, 169, 1416, 84, 1421
1189, 939, 1279, 933, 1281, 956, 1190, 961
1108, 1598, 1232, 1602, 1231, 1623, 1107, 1619
894, 106, 984, 100, 985, 122, 896, 127
213, 216, 296, 218, 296, 240, 212, 237
148, 1238, 244, 1234, 245, 1256, 149, 1260
148, 1205, 237, 1203, 237, 1225, 149, 1228
144, 1365, 242, 1362, 243, 1386, 144, 1388
934, 1205, 1029, 1186, 1032, 1200, 937, 1219
49, 1535, 133, 1528, 134, 1551, 51, 1557
299, 109, 388, 104, 389, 126, 301, 130
1246, 1054, 1350, 1057, 1349, 1077, 1246, 1075
793, 106, 899, 98, 900, 119, 795, 126
1278, 912, 1376, 910, 1376, 933, 1279, 935
453, 147, 558, 143, 559, 168, 454, 172
297, 194, 395, 189, 396, 213, 298, 218
177, 1110, 249, 1108, 250, 1128, 177, 1130
39, 175, 131, 166, 133, 192, 42, 200
1165, 128, 1270, 121, 1271, 145, 1166, 151
196, 110, 304, 105, 305, 127, 198, 133
681, 814, 793, 809, 794, 829, 682, 833
297, 862, 385, 855, 387, 879, 299, 885
828, 1513, 903, 1510, 904, 1529, 829, 1532
181, 1171, 258, 1173, 257, 1197, 180, 1194
489, 817, 588, 812, 589, 833, 490, 837
65, 856, 138, 849, 140, 870, 67, 876
80, 1141, 145, 1143, 144, 1163, 79, 1161
879, 985, 978, 983, 979, 1005, 879, 1007
595, 861, 693, 854, 694, 879, 597, 885
77, 1364, 151, 1362, 151, 1386, 78, 1387
893, 1580, 1004, 1569, 1006, 1593, 895, 1603
1267, 105, 1364, 104, 1365, 125, 1267, 127
294, 220, 372, 218, 373, 237, 295, 239
128, 885, 217, 879, 219, 903, 130, 909
834, 126, 943, 122, 945, 150, 836, 154
914, 177, 1021, 174, 1021, 195, 915, 198
67, 983, 136, 979, 137, 999, 68, 1003
596, 108, 682, 109, 682, 127, 596, 125
125, 1511, 230, 1505, 231, 1528, 126, 1534
1184, 1513, 1251, 1511, 1251, 1528, 1184, 1530
695, 837, 806, 829, 808, 853, 697, 862
531, 170, 626, 167, 627, 190, 531, 193
482, 1531, 594, 1529, 594, 1552, 483, 1554
1248, 1078, 1335, 1081, 1334, 1101, 1247, 1098
1298, 849, 1376, 847, 1377, 867, 1298, 869
1254, 152, 1360, 149, 1361, 171, 1255, 174
1325, 936, 1416, 938, 1416, 959, 1325, 958
949, 941, 1046, 933, 1048, 957, 951, 965
592, 837, 683, 833, 684, 855, 593, 859
244, 1509, 369, 1505, 370, 1533, 245, 1537
285, 170, 377, 167, 378, 192, 285, 195
178, 1271, 250, 1265, 252, 1287, 180, 1292
856, 151, 969, 148, 970, 173, 856, 176
394, 108, 473, 105, 474, 127, 394, 129
944, 1058, 1034, 1053, 1036, 1075, 945, 1079
1034, 1597, 1130, 1599, 1129, 1625, 1034, 1623
1267, 1602, 1355, 1596, 1357, 1619, 1269, 1625
66, 918, 138, 915, 139, 935, 67, 939
1024, 1034, 1123, 1029, 1124, 1050, 1025, 1056
1042, 938, 1133, 935, 1134, 954, 1043, 958
573, 1599, 674, 1602, 673, 1627, 572, 1624
1084, 958, 1178, 961, 1177, 983, 1083, 980
191, 1334, 257, 1332, 257, 1354, 192, 1356
1172, 1035, 1255, 1032, 1256, 1051, 1173, 1054
68, 1335, 146, 1331, 147, 1353, 69, 1356
198, 195, 285, 190, 287, 215, 200, 220
69, 1239, 143, 1234, 145, 1256, 70, 1261
1195, 1600, 1295, 1592, 1297, 1618, 1197, 1627
599, 144, 687, 146, 686, 170, 598, 168
423, 907, 512, 909, 512, 929, 422, 926
170, 1077, 239, 1076, 240, 1097, 170, 1099
762, 148, 845, 151, 845, 174, 762, 171
150, 170, 237, 172, 236, 196, 149, 194
529, 1578, 625, 1576, 625, 1599, 529, 1601
398, 1511, 505, 1505, 507, 1526, 399, 1532
102, 1175, 184, 1169, 186, 1191, 104, 1197
830, 1597, 924, 1589, 926, 1618, 832, 1626
923, 872, 1004, 868, 1005, 890, 924, 894
682, 860, 773, 858, 774, 879, 682, 882
978, 1005, 1084, 998, 1086, 1028, 980, 1036
800, 1574, 921, 1571, 921, 1598, 801, 1601
61, 950, 129, 947, 130, 968, 62, 971
1056, 1537, 1110, 1536, 1111, 1554, 1056, 1555
1031, 848, 1095, 846, 1095, 864, 1032, 867
1003, 1535, 1063, 1537, 1062, 1558, 1002, 1555
1228, 979, 1364, 971, 1366, 1007, 1230, 1015
921, 847, 994, 845, 995, 863, 921, 865
1339, 1024, 1430, 1031, 1428, 1054, 1337, 1047
937, 1029, 1050, 1031, 1049, 1056, 936, 1054
295, 814, 392, 817, 392, 835, 295, 832
407, 815, 509, 817, 509, 834, 407, 833
870, 962, 956, 959, 956, 977, 870, 980
276, 1536, 359, 1532, 360, 1552, 277, 1556
142, 134, 204, 135, 203, 151, 142, 150
874, 873, 949, 869, 949, 889, 875, 892
633, 169, 712, 172, 711, 193, 632, 190
953, 154, 1053, 149, 1054, 170, 954, 176
928, 1513, 980, 1511, 981, 1528, 929, 1531
930, 911, 1044, 914, 1044, 939, 929, 936
1114, 823, 1183, 821, 1184, 839, 1115, 841
880, 1011, 981, 1002, 984, 1027, 882, 1035
140, 919, 207, 913, 209, 933, 142, 939
66, 1270, 130, 1267, 131, 1289, 67, 1292
1237, 756, 1287, 753, 1288, 769, 1238, 772
62, 1303, 126, 1297, 128, 1318, 64, 1325
1328, 1512, 1407, 1511, 1408, 1530, 1328, 1531
978, 983, 1077, 980, 1078, 1009, 978, 1011
68, 888, 122, 882, 124, 902, 70, 908
1158, 847, 1222, 848, 1221, 868, 1158, 866
105, 110, 174, 108, 175, 127, 105, 129
1344, 822, 1401, 824, 1401, 842, 1343, 839
115, 1078, 179, 1074, 180, 1095, 117, 1099
1056, 1010, 1149, 1006, 1149, 1025, 1057, 1029
591, 816, 685, 811, 686, 831, 592, 835
887, 821, 962, 819, 962, 838, 888, 841
1218, 849, 1285, 847, 1286, 865, 1218, 867
624, 196, 698, 194, 699, 212, 625, 213
1236, 821, 1317, 818, 1318, 843, 1237, 846
1039, 916, 1122, 913, 1122, 933, 1039, 935
111, 1303, 189, 1299, 190, 1320, 113, 1324
521, 107, 598, 104, 598, 125, 522, 128
1307, 960, 1407, 955, 1408, 980, 1308, 985
124, 854, 185, 851, 185, 869, 125, 872
127, 1533, 224, 1530, 225, 1551, 128, 1554
940, 960, 1028, 963, 1028, 983, 939, 981
1284, 1574, 1371, 1575, 1370, 1601, 1284, 1600
435, 169, 532, 165, 533, 190, 436, 194
1303, 1008, 1406, 1002, 1407, 1030, 1304, 1036
841, 175, 924, 179, 923, 198, 840, 195
349, 172, 433, 167, 434, 190, 350, 195
1159, 1010, 1271, 1007, 1272, 1028, 1160, 1032
196, 1045, 260, 1046, 260, 1065, 196, 1064
1180, 918, 1274, 913, 1275, 938, 1182, 943
1177, 963, 1260, 957, 1262, 981, 1179, 988
618, 1514, 714, 1508, 715, 1527, 619, 1533
53, 111, 117, 110, 117, 128, 54, 129
1136, 1512, 1198, 1513, 1198, 1530, 1136, 1529
880, 847, 932, 844, 933, 862, 881, 864
63, 1176, 109, 1171, 110, 1191, 65, 1196
129, 1144, 189, 1141, 190, 1162, 130, 1165
468, 109, 540, 107, 540, 125, 469, 128
619, 1577, 704, 1575, 704, 1598, 619, 1601
200, 1143, 255, 1140, 256, 1162, 201, 1165
531, 144, 631, 146, 631, 170, 530, 168
1200, 1577, 1289, 1575, 1289, 1600, 1200, 1601
181, 1299, 262, 1298, 263, 1325, 182, 1327
991, 1510, 1055, 1511, 1054, 1533, 990, 1532
201, 917, 252, 915, 253, 937, 201, 938
771, 172, 849, 178, 848, 199, 769, 193
921, 125, 1027, 120, 1029, 150, 922, 155
62, 1079, 125, 1073, 127, 1093, 64, 1099
1230, 1027, 1342, 1030, 1342, 1052, 1230, 1049
744, 106, 811, 105, 811, 121, 745, 122
1171, 153, 1242, 155, 1241, 173, 1170, 171
146, 1011, 222, 1013, 222, 1036, 146, 1034
1164, 1054, 1246, 1052, 1247, 1078, 1165, 1081
1251, 1513, 1309, 1516, 1308, 1530, 1251, 1528
183, 981, 259, 983, 259, 1000, 182, 998
1097, 1561, 1229, 1585, 1224, 1615, 1092, 1592
890, 1031, 973, 1033, 973, 1052, 890, 1050
141, 1336, 204, 1334, 205, 1355, 142, 1357
132, 982, 199, 980, 199, 999, 133, 1001
171, 848, 245, 855, 243, 872, 170, 865
994, 849, 1044, 847, 1044, 865, 995, 867
1360, 849, 1413, 848, 1413, 869, 1360, 869
1292, 820, 1366, 820, 1366, 845, 1291, 845
1032, 960, 1114, 961, 1114, 984, 1032, 983
1049, 1577, 1144, 1574, 1145, 1602, 1049, 1604
1087, 849, 1128, 850, 1127, 868, 1086, 866
338, 1536, 416, 1529, 418, 1546, 340, 1553
1316, 1061, 1397, 1056, 1398, 1078, 1317, 1082
